date: 2024-10-04 2024-10-05 2024-10-06 2024-10-07 2024-10-08 2024-10-09 2024-10-10 2024-10-11 2024-10-12 2024-10-13 2024-10-14 2024-10-15 2024-10-16 2024-10-17 2024-10-18
weather_code: 0.0 0.0 0.0 1.0 3.0 3.0 3.0 3.0 3.0 0.0 0.0 0.0 0.0 0.0 3.0
temperature_max: 82.9589 91.2389 81.788895 77.288895 79.8089 85.8389 87.0989 88.4489 90.788895 75.5789 67.8389 62.7989 62.5289 70.8089 74.2289
temperature_min: 57.578903 62.0789 58.3889 52.7189 56.768898 53.9789 61.1789 60.1889 58.658897 51.7289 43.268898 41.7389 33.4589 43.358902 51.1889
precipitation_sum: 0.0 0.0 0.0 0.0 0.0 0.0 0.0 0.0 0.0 0.0 0.0 0.0 0.0 0.0 0.0
wind_speed_max: 9.429956 17.507294 13.468523 9.621701 7.1723676 10.108666 10.981824 8.605911 8.824107 14.967854 7.6058 18.49554 9.642482 18.121082 16.336227
precipitation_probability_max: 0.0 0.0 0.0 2.0 8.0 1.0 3.0 0.0 1.0 0.0 0.0 0.0 0.0 0.0 1.0
